adlib_id,Bayern,Central Bohemian Region,Hradec Králové Region,Karlovy Vary Region,Liberec Region,Lower Austria,Lower Silesian Voivodeship,Moravian-Silesian Region,Olomouc Region,Opole Voivodeship,Pardubice Region,Plzeň Region,Prague,Sachsen,Silesian Voivodeship,South Bohemian Region,South Moravian Region,Trenčín Region,Trnava Region,Unknown,Ústí nad Labem Region,Vysočina Region,Žilina Region,Zlín Region
501416814531490,,0.122,0.05,0.022,0.036,,,0.079,0.054,,0.041,0.057,0.198,,,0.061,0.137,,,,0.05,0.042,,0.051
356289716096933,,0.103,0.044,0.027,0.042,,,0.089,0.071,,0.04,0.051,0.233,,,0.055,0.125,,,,0.05,0.037,,0.034
504055864028159,,0.111,0.059,0.036,0.041,,,0.119,0.053,,0.047,0.058,0.114,,,0.043,0.121,,,,0.116,0.043,,0.04
579882956471997,,0.115,0.043,0.03,0.037,,,0.112,0.048,,0.047,0.074,0.133,,,0.058,0.122,,,,0.082,0.048,,0.051
1215609845546906,,0.086,0.039,0.02,0.037,,,0.113,0.05,,0.041,0.051,0.217,,,0.05,0.134,,,,0.051,0.045,,0.064
534787741179884,,0.093,0.043,0.021,0.046,,,0.099,0.069,,0.045,0.042,0.218,,,0.054,0.123,,,,0.06,0.039,,0.047
941975936380458,,0.091,0.042,0.023,0.038,,,0.095,0.06,,0.048,0.05,0.207,,,0.049,0.139,,,,0.061,0.048,,0.05
1053093895432299,,0.112,0.053,0.034,0.043,,,0.11,0.054,,0.056,0.061,0.107,,,0.056,0.126,,,,0.093,0.045,,0.049
640159440707967,,0.123,0.053,0.039,0.042,,,0.108,0.052,,0.05,0.059,0.105,,,0.057,0.106,,,,0.117,0.042,,0.048
1619655714897535,,0.101,0.06,0.024,0.037,,,0.094,0.037,,0.042,0.044,0.2,,,0.059,0.122,,,,0.074,0.046,,0.058
947601239415361,,0.119,0.05,0.03,0.031,,,0.109,0.059,,0.045,0.048,0.174,,,0.052,0.117,,,,0.082,0.04,,0.044
398454018284522,,0.099,0.054,0.022,0.036,,,0.137,0.038,,0.043,0.052,0.194,,,0.06,0.129,,,,0.06,0.043,,0.035
2939017512982674,,0.095,0.054,0.023,0.039,,,0.106,0.061,,0.036,0.07,0.167,,,0.037,0.127,,,,0.085,0.045,,0.054
977610586116385,,0.102,0.046,0.021,0.039,,,0.114,0.066,,0.045,0.051,0.175,,,0.055,0.124,,,,0.069,0.041,,0.051
1419465091742825,,0.111,0.053,0.03,0.037,,,0.113,0.058,,0.053,0.062,0.102,,,0.058,0.126,,,,0.088,0.049,,0.06
1180661362433835,,0.119,0.05,0.033,0.041,,,0.116,0.054,,0.049,0.055,0.108,,,0.062,0.119,,,,0.1,0.043,,0.051
400368868225032,,0.098,0.05,0.026,0.035,,,0.11,0.059,,0.047,0.047,0.167,,,0.054,0.137,,,,0.067,0.048,,0.055
519326049374225,,0.101,0.071,0.03,0.042,,,0.078,0.055,,0.042,0.068,0.206,,,0.061,0.096,,,,0.058,0.044,,0.048
186793553369165,,0.133,0.073,0.027,0.052,,,0.081,0.057,,0.065,0.065,0.158,,,0.049,0.086,,,,0.07,0.037,,0.044
350238903357849,,0.1,0.064,0.023,0.057,,,0.107,0.071,,0.054,0.052,0.188,,,0.054,0.105,,,,0.046,0.039,,0.039
580789159585328,,0.1,0.066,0.011,0.036,,,0.094,0.041,,0.058,0.049,0.211,,,0.056,0.115,,,,0.052,0.049,,0.062
887369222187620,,0.123,0.082,0.023,0.045,,,0.087,0.06,,0.062,0.07,0.134,,,0.051,0.097,,,,0.073,0.045,,0.046
540155413898245,,0.111,0.057,0.038,0.047,,,0.104,0.058,,0.058,0.061,0.1,,,0.063,0.105,,,,0.095,0.051,,0.051
225502912804677,,0.1,0.046,0.023,0.041,,,0.106,0.062,,0.046,0.045,0.206,,,0.052,0.13,,,,0.062,0.034,,0.047
355157989647465,,0.123,0.056,0.033,0.045,,,0.114,0.048,,0.054,0.06,0.106,,,0.054,0.105,,,,0.113,0.041,,0.048
421834389146853,,0.1,0.05,0.023,0.035,,,0.11,0.061,,0.051,0.052,0.174,,,0.057,0.128,,,,0.059,0.048,,0.052
3031056483781076,,0.11,0.057,0.03,0.04,,,0.105,0.058,,0.057,0.067,0.099,,,0.065,0.111,,,,0.09,0.05,,0.06
196211902524617,,0.104,0.057,0.019,0.037,,,0.086,0.051,,0.054,0.06,0.162,,,0.058,0.143,,,,0.063,0.056,,0.052
721835291944075,,0.119,0.056,0.032,0.042,,,0.089,0.053,,0.047,0.06,0.129,,,0.059,0.122,,,,0.088,0.05,,0.053
208426607886749,,0.094,0.05,0.013,0.043,,,0.068,0.063,,0.047,0.041,0.266,,,0.053,0.141,,,,0.037,0.042,,0.041
992424454856813,,0.079,0.042,0.016,0.034,,,0.082,0.056,,0.041,0.041,0.258,,,0.055,0.165,,,,0.043,0.041,,0.047
505015980558507,,0.095,0.05,0.015,0.049,,,0.103,0.077,,0.047,0.041,0.205,,,0.045,0.144,,,,0.039,0.041,,0.049
958331155018113,,0.112,0.059,0.029,0.039,,,0.123,0.063,,0.044,0.05,0.105,,,0.047,0.14,,,,0.08,0.053,,0.059
550292206398789,,0.099,0.059,0.018,0.035,,,0.103,0.067,,0.055,0.052,0.136,,,0.056,0.157,,,,0.056,0.051,,0.057
558077378888208,,0.072,0.042,0.013,0.031,,,0.108,0.062,,0.047,0.037,0.206,,,0.05,0.185,,,,0.037,0.049,,0.061
4251069761654442,,0.112,0.054,0.033,0.041,,,0.106,0.061,,0.056,0.057,0.099,,,0.058,0.123,,,,0.098,0.051,,0.052
210755060985572,,0.094,0.042,0.021,0.036,,,0.095,0.064,,0.049,0.043,0.203,,,0.047,0.148,,,,0.059,0.051,,0.049
481391613114945,,0.121,0.053,0.037,0.046,,,0.11,0.054,,0.048,0.054,0.098,,,0.056,0.114,,,,0.114,0.043,,0.051
4223507937729634,,0.093,0.042,0.02,0.041,,,0.098,0.067,,0.046,0.043,0.219,,,0.05,0.135,,,,0.059,0.04,,0.047
159566639595753,,0.094,0.043,0.022,0.037,,,0.1,0.067,,0.049,0.045,0.195,,,0.047,0.139,,,,0.06,0.051,,0.051
364073721750900,,0.119,0.053,0.04,0.046,,,0.119,0.055,,0.051,0.056,0.09,,,0.057,0.113,,,,0.112,0.044,,0.048
1156210434891512,,0.089,0.04,0.02,0.046,,,0.103,0.073,,0.05,0.043,0.21,,,0.056,0.126,,,,0.059,0.039,,0.046
2652215591741578,,0.115,0.053,0.033,0.042,,,0.111,0.059,,0.057,0.059,0.084,,,0.059,0.121,,,,0.1,0.05,,0.057
858602911452369,,0.134,0.069,0.02,0.035,,,0.088,0.061,,0.07,0.066,0.113,,,0.064,0.13,,,,0.061,0.045,,0.044
215521393831759,,0.066,0.037,0.014,0.028,,,0.095,0.053,,0.039,0.035,0.304,,,0.042,0.162,,,,0.042,0.034,,0.049
507040760361898,,0.086,0.044,0.022,0.034,,,0.098,0.058,,0.045,0.042,0.271,,,0.042,0.141,,,,0.036,0.032,,0.049
375066837381638,,0.109,0.051,0.027,0.041,,,0.117,0.056,,0.047,0.048,0.171,,,0.05,0.114,,,,0.082,0.037,,0.049
810791162953549,,0.085,0.056,0.016,0.028,,,0.106,0.056,,0.05,0.053,0.205,,,0.055,0.141,,,,0.058,0.043,,0.047
163022455932802,,0.116,0.051,0.035,0.045,,,0.11,0.055,,0.051,0.057,0.105,,,0.057,0.111,,,,0.11,0.046,,0.05
237835068200194,,0.094,0.046,0.022,0.045,,,0.104,0.067,,0.046,0.045,0.202,,,0.053,0.125,,,,0.067,0.039,,0.044
659301678382559,,0.111,0.053,0.033,0.043,,,0.106,0.058,,0.056,0.058,0.1,,,0.059,0.121,,,,0.101,0.051,,0.051
369906271181093,,0.095,0.043,0.022,0.037,,,0.095,0.061,,0.047,0.045,0.211,,,0.047,0.142,,,,0.059,0.047,,0.05
515005803086806,,0.098,0.05,0.021,0.035,,,0.094,0.046,,0.048,0.049,0.212,,,0.044,0.137,,,,0.069,0.043,,0.054
418050489551784,,0.103,0.045,0.026,0.044,,,0.106,0.053,,0.054,0.048,0.188,,,0.04,0.144,,,,0.064,0.04,,0.044
575105886832409,,0.118,0.049,0.027,0.037,,,0.111,0.046,,0.048,0.056,0.154,,,0.046,0.13,,,,0.081,0.043,,0.052
928383674411654,,0.101,0.056,0.025,0.048,,,0.107,0.061,,0.047,0.063,0.143,,,0.054,0.121,,,,0.073,0.055,,0.045
418418379493451,,0.119,0.053,0.031,0.037,,,0.113,0.056,,0.054,0.06,0.101,,,0.059,0.12,,,,0.087,0.051,,0.058
629856044657312,,0.105,0.046,0.021,0.04,,,0.109,0.066,,0.044,0.05,0.182,,,0.056,0.12,,,,0.07,0.042,,0.05
143252934611836,,0.125,0.053,0.035,0.043,,,0.108,0.052,,0.048,0.057,0.119,,,0.057,0.106,,,,0.104,0.041,,0.052
2582493495392616,,0.102,0.049,0.026,0.035,,,0.104,0.06,,0.046,0.05,0.177,,,0.052,0.129,,,,0.067,0.049,,0.055
608345803469796,,0.088,0.045,0.021,0.033,,,0.103,0.055,,0.038,0.045,0.255,,,0.046,0.131,,,,0.061,0.034,,0.043
515663606330426,,0.124,0.049,0.03,0.035,,,0.096,0.052,,0.041,0.054,0.175,,,0.053,0.117,,,,0.079,0.042,,0.052
252107926497528,,0.106,0.035,0.025,0.039,,,0.103,0.06,,0.037,0.053,0.265,,,0.048,0.097,,,,0.07,0.024,,0.038
806520793387777,,0.107,0.04,0.03,0.036,,,0.12,0.06,,0.047,0.053,0.145,,,0.05,0.132,,,,0.079,0.042,,0.059
1222842538139977,,0.085,0.045,0.016,0.034,,,0.089,0.057,,0.042,0.037,0.262,,,0.05,0.148,,,,0.04,0.046,,0.05
1746239335577178,,0.116,0.061,0.019,0.038,,,0.086,0.057,,0.055,0.053,0.169,,,0.057,0.122,,,,0.063,0.056,,0.049
2841163872862055,,0.095,0.051,0.014,0.04,,,0.076,0.065,,0.046,0.042,0.26,,,0.055,0.134,,,,0.039,0.044,,0.04
1963242397172182,,0.132,0.058,0.028,0.041,,,0.095,0.056,,0.044,0.05,0.145,,,0.056,0.111,,,,0.086,0.048,,0.051
898237134371675,,0.095,0.042,0.02,0.043,,,0.101,0.067,,0.045,0.044,0.222,,,0.053,0.12,,,,0.061,0.039,,0.047
199329282207198,,0.098,0.043,0.021,0.036,,,0.104,0.061,,0.045,0.044,0.205,,,0.047,0.139,,,,0.06,0.046,,0.05
981291586036177,,0.115,0.057,0.031,0.04,,,0.106,0.059,,0.055,0.055,0.097,,,0.061,0.123,,,,0.095,0.05,,0.055
994657441308114,,0.119,0.052,0.036,0.045,,,0.117,0.056,,0.048,0.054,0.1,,,0.053,0.112,,,,0.115,0.044,,0.049
938573633365305,,0.112,0.056,0.031,0.041,,,0.105,0.057,,0.053,0.055,0.115,,,0.059,0.123,,,,0.091,0.048,,0.053
2167402746900474,,0.116,0.051,0.035,0.045,,,0.112,0.056,,0.05,0.054,0.115,,,0.052,0.109,,,,0.111,0.045,,0.05
349581316620597,,0.1,0.04,0.024,0.048,,,0.11,0.073,,0.045,0.042,0.187,,,0.053,0.12,,,,0.073,0.038,,0.047
1443056169390422,,0.096,0.044,0.025,0.039,,,0.098,0.063,,0.049,0.043,0.192,,,0.048,0.143,,,,0.067,0.045,,0.047
256439019303109,,0.099,0.057,0.032,0.043,,,0.117,0.067,,0.052,0.049,0.097,,,0.061,0.129,,,,0.087,0.047,,0.061
534457300940528,,0.106,0.055,0.032,0.042,,,0.121,0.063,,0.053,0.053,0.108,,,0.061,0.113,,,,0.094,0.048,,0.053
372924324217483,,0.104,0.057,0.027,0.041,,,0.123,0.071,,0.049,0.051,0.12,,,0.057,0.119,,,,0.076,0.051,,0.054
569923847343548,,0.108,0.057,0.031,0.044,,,0.118,0.067,,0.055,0.053,0.096,,,0.06,0.112,,,,0.096,0.05,,0.054
472113304038920,,0.086,0.046,0.025,0.047,,,0.105,0.063,,0.051,0.036,0.238,,,0.04,0.127,,,,0.054,0.038,,0.043
148292037414656,,0.073,0.042,0.017,0.037,,,0.102,0.049,,0.042,0.039,0.268,,,0.045,0.144,,,,0.053,0.033,,0.057
512726196467398,,0.1,0.051,0.025,0.039,,,0.109,0.055,,0.048,0.052,0.174,,,0.052,0.132,,,,0.078,0.039,,0.047
278087597416213,,0.109,0.048,0.029,0.043,,,0.139,0.051,,0.048,0.046,0.135,,,0.043,0.118,,,,0.102,0.034,,0.054
221287799881307,,0.109,0.054,0.032,0.045,,,0.113,0.06,,0.054,0.057,0.093,,,0.06,0.121,,,,0.102,0.048,,0.053
504786717493443,,0.095,0.042,0.02,0.038,,,0.099,0.061,,0.045,0.048,0.209,,,0.047,0.142,,,,0.058,0.047,,0.049
1433981393655255,,0.117,0.053,0.036,0.048,,,0.12,0.055,,0.05,0.056,0.099,,,0.052,0.109,,,,0.116,0.042,,0.048
153493103553352,,0.094,0.042,0.022,0.048,,,0.11,0.07,,0.048,0.043,0.195,,,0.052,0.122,,,,0.064,0.04,,0.049
551219326059136,,0.12,0.054,0.04,0.05,,,0.124,0.052,,0.046,0.062,0.099,,,0.053,0.101,,,,0.121,0.036,,0.041
2438176166316413,,0.099,0.042,0.017,0.036,,,0.088,0.068,,0.053,0.039,0.199,,,0.042,0.162,,,,0.049,0.055,,0.05
1146622782494916,,0.099,0.049,0.019,0.06,,,0.101,0.067,,0.06,0.037,0.171,,,0.056,0.143,,,,0.051,0.042,,0.044
516266412963034,,0.114,0.054,0.034,0.038,,,0.111,0.055,,0.055,0.062,0.101,,,0.061,0.117,,,,0.105,0.045,,0.049
1742825139261853,,0.112,0.052,0.035,0.042,,,0.108,0.056,,0.057,0.066,0.088,,,0.061,0.122,,,,0.104,0.047,,0.05
3957200621055817,,0.1,0.03,0.022,0.038,,,0.078,0.068,,0.068,0.056,0.158,,,0.048,0.168,,,,0.076,0.036,,0.054
184562697051077,,0.081,0.06,0.017,0.057,,,0.121,0.084,,0.047,0.04,0.144,,,0.06,0.148,,,,0.047,0.05,,0.044
236528011661813,,0.119,0.052,0.037,0.046,,,0.117,0.049,,0.043,0.058,0.1,,,0.051,0.12,,,,0.119,0.041,,0.047
555683945564237,,0.12,0.051,0.038,0.048,,,0.109,0.053,,0.049,0.057,0.112,,,0.054,0.107,,,,0.117,0.039,,0.046
2919343804990590,,0.114,0.054,0.034,0.041,,,0.115,0.062,,0.056,0.061,0.095,,,0.057,0.122,,,,0.089,0.051,,0.049
159204219648462,,0.101,0.048,0.033,0.038,,,0.112,0.055,,0.052,0.061,0.094,,,0.066,0.133,,,,0.095,0.057,,0.057
365604648510102,,0.117,0.061,0.032,0.047,,,0.086,0.05,,0.052,0.065,0.117,,,0.046,0.11,,,,0.135,0.048,,0.035
707882643346313,,0.124,0.052,0.043,0.047,,,0.109,0.044,,0.051,0.061,0.108,,,0.053,0.1,,,,0.128,0.04,,0.04
1210993986071899,,0.114,0.055,0.034,0.041,,,0.113,0.058,,0.053,0.058,0.088,,,0.058,0.119,,,,0.104,0.05,,0.055
558093732036015,,0.084,0.05,0.043,0.043,,,0.089,0.055,,0.046,0.039,0.179,,,0.057,0.182,,,,0.068,0.029,,0.036
831000634453707,,0.12,0.052,0.037,0.044,,,0.111,0.053,,0.049,0.056,0.11,,,0.054,0.114,,,,0.111,0.041,,0.047
381408499993864,,0.091,0.046,0.022,0.052,,,0.112,0.071,,0.05,0.046,0.161,,,0.053,0.132,,,,0.078,0.034,,0.053
514819756463124,,0.112,0.055,0.031,0.042,,,0.1,0.056,,0.055,0.054,0.115,,,0.059,0.126,,,,0.092,0.051,,0.053
538513077301916,,0.111,0.049,0.018,0.058,,,0.115,0.062,,0.035,0.04,0.164,,,0.071,0.15,,,,0.071,0.027,,0.031
554317852651264,,0.099,0.057,0.032,0.052,,,0.102,0.073,,0.067,0.07,0.121,,,0.044,0.121,,,,0.09,0.039,,0.033
1160768091093120,,0.119,0.054,0.037,0.048,,,0.113,0.056,,0.049,0.055,0.102,,,0.054,0.11,,,,0.114,0.042,,0.048
1406269136413349,,0.095,0.044,0.026,0.041,,,0.097,0.06,,0.048,0.042,0.202,,,0.049,0.144,,,,0.061,0.045,,0.048
149285583896412,,0.108,0.028,0.035,0.031,,,0.101,0.052,,0.056,0.052,0.16,,,0.038,0.146,,,,0.08,0.056,,0.056
206352564829951,,0.096,0.038,0.026,0.057,,,0.106,0.058,,0.044,0.057,0.162,,,0.064,0.115,,,,0.076,0.052,,0.048
333324628484335,,0.097,0.058,0.043,0.048,,,0.123,0.048,,0.058,0.049,0.101,,,0.058,0.119,,,,0.107,0.046,,0.046
391923812276262,,0.107,0.064,0.039,0.051,,,0.135,0.047,,0.06,0.047,0.103,,,0.032,0.11,,,,0.135,0.036,,0.036
602358470729274,,0.118,0.045,0.048,0.044,,,0.119,0.053,,0.059,0.073,0.106,,,0.043,0.101,,,,0.112,0.048,,0.033
828126947841004,,0.066,0.049,0.033,0.066,,,0.041,0.057,,0.025,0.057,0.18,,,0.057,0.172,,,,0.098,0.049,,0.049
837200726915266,,0.089,0.04,0.02,0.079,,,0.109,0.059,,0.04,0.03,0.178,,,0.02,0.218,,,,0.04,0.05,,0.03
2882406725407621,,0.073,0.03,0.028,0.071,,,0.071,0.081,,0.058,0.051,0.194,,,0.051,0.121,,,,0.088,0.03,,0.053
530506034958667,,0.088,0.059,0.013,0.039,,,0.111,0.067,,0.088,0.013,0.171,,,0.054,0.147,,,,0.075,0.034,,0.041
572052797257972,,0.088,0.062,0.006,0.106,,,0.112,0.038,,0.025,0.044,0.144,,,0.069,0.106,,,,0.075,0.069,,0.056
1010747469754337,,0.1,0.054,0.04,0.051,,,0.101,0.057,,0.053,0.057,0.122,,,0.055,0.114,,,,0.106,0.045,,0.043
1621815018007694,,0.085,0.049,0.018,0.029,,,0.081,0.069,,0.047,0.044,0.175,,,0.047,0.168,,,,0.068,0.061,,0.058
242891150824843,,0.101,0.052,0.031,0.04,,,0.1,0.064,,0.046,0.044,0.165,,,0.049,0.144,,,,0.071,0.048,,0.045
3064647173770770,,0.094,0.045,0.019,0.043,,,0.104,0.067,,0.048,0.034,0.205,,,0.052,0.133,,,,0.067,0.037,,0.052
965327497590410,,0.125,0.048,0.038,0.045,,,0.113,0.051,,0.053,0.057,0.108,,,0.055,0.105,,,,0.113,0.041,,0.048
498588007867920,,0.11,0.055,0.03,0.039,,,0.114,0.057,,0.054,0.06,0.115,,,0.058,0.125,,,,0.087,0.046,,0.05
555608428792239,,0.099,0.036,0.024,0.036,,,0.101,0.071,,0.047,0.039,0.182,,,0.041,0.155,,,,0.074,0.048,,0.046
182789687166499,,0.116,0.045,0.02,0.039,,,0.129,0.051,,0.051,0.047,0.172,,,0.054,0.129,,,,0.06,0.041,,0.046
1651009075091155,,0.102,0.055,0.033,0.039,,,0.117,0.062,,0.055,0.062,0.109,,,0.055,0.125,,,,0.094,0.042,,0.051
367163801703982,,0.113,0.057,0.042,0.04,,,0.113,0.046,,0.047,0.064,0.109,,,0.055,0.11,,,,0.123,0.037,,0.044
2953346781553345,,0.073,0.049,0.03,0.051,,,0.104,0.053,,0.055,0.037,0.175,,,0.063,0.136,,,,0.077,0.041,,0.056
223438566319565,,0.11,0.051,0.02,0.042,,,0.085,0.056,,0.059,0.051,0.172,,,0.056,0.143,,,,0.069,0.044,,0.042
953837985184643,,0.109,0.054,0.029,0.039,,,0.097,0.056,,0.053,0.056,0.132,,,0.061,0.129,,,,0.086,0.05,,0.051
368658034774560,,0.115,0.052,0.038,0.04,,,0.106,0.059,,0.049,0.062,0.096,,,0.056,0.126,,,,0.097,0.046,,0.056
1103260110202827,,0.117,0.057,0.031,0.041,,,0.111,0.058,,0.052,0.057,0.097,,,0.06,0.117,,,,0.095,0.049,,0.055
925682721328107,,0.115,0.056,0.035,0.04,,,0.112,0.056,,0.057,0.059,0.092,,,0.057,0.118,,,,0.105,0.047,,0.051
250982106577851,,0.126,0.054,0.03,0.049,,,0.123,0.046,,0.049,0.059,0.094,,,0.051,0.116,,,,0.109,0.047,,0.048
1848719151976709,,0.113,0.048,0.039,0.046,,,0.106,0.062,,0.04,0.071,0.11,,,0.06,0.121,,,,0.088,0.047,,0.049
4422033724502514,,0.102,0.055,0.046,0.058,,,0.117,0.062,,0.038,0.071,0.083,,,0.047,0.089,,,,0.129,0.052,,0.052
1462575170762514,,0.117,0.051,0.038,0.048,,,0.105,0.048,,0.05,0.064,0.125,,,0.048,0.113,,,,0.114,0.037,,0.041
220407370085577,,0.132,0.05,0.056,0.043,,,0.114,0.052,,0.047,0.067,0.102,,,0.031,0.097,,,,0.141,0.03,,0.039
515372033032635,,0.121,0.052,0.034,0.045,,,0.109,0.053,,0.048,0.054,0.125,,,0.054,0.112,,,,0.101,0.044,,0.05
223718396286957,,0.113,0.054,0.039,0.053,,,0.118,0.058,,0.057,0.048,0.094,,,0.064,0.094,,,,0.119,0.047,,0.043
2971517669795260,,0.119,0.048,0.038,0.044,,,0.111,0.056,,0.046,0.055,0.109,,,0.059,0.106,,,,0.112,0.044,,0.052
519161279320771,,0.119,0.051,0.037,0.048,,,0.116,0.058,,0.05,0.054,0.093,,,0.056,0.112,,,,0.112,0.045,,0.049
280050273876732,,0.125,0.051,0.038,0.044,,,0.108,0.057,,0.044,0.059,0.097,,,0.057,0.107,,,,0.123,0.049,,0.041
296184142298343,,0.107,0.052,0.025,0.053,,,0.11,0.069,,0.056,0.05,0.136,,,0.052,0.116,,,,0.078,0.043,,0.051
138254791781933,,0.068,0.042,0.026,0.047,,,0.147,0.042,,0.053,0.037,0.174,,,0.053,0.126,,,,0.116,0.042,,0.026
1209689862806579,,0.083,0.04,0.018,0.04,,,0.103,0.068,,0.042,0.039,0.254,,,0.049,0.138,,,,0.052,0.033,,0.043
196787169080387,,0.104,0.045,0.032,0.054,,,0.127,0.081,,0.063,0.032,0.095,,,0.09,0.109,,,,0.077,0.05,,0.041
527480675035482,,0.106,0.049,0.018,0.043,,,0.131,0.063,,0.053,0.045,0.151,,,0.051,0.124,,,,0.071,0.039,,0.054
1159536834553331,,0.122,0.041,0.014,0.122,,,0.135,0.054,,0.054,0.027,0.135,,,0.081,0.068,,,,0.068,0.014,,0.068
1196095380867740,,0.119,0.049,0.026,0.045,,,0.121,0.071,,0.043,0.042,0.128,,,0.062,0.113,,,,0.088,0.043,,0.052
214140203956870,,0.097,0.046,0.023,0.055,,,0.097,0.062,,0.047,0.047,0.164,,,0.052,0.132,,,,0.076,0.059,,0.043
375963710614637,,0.102,0.047,0.027,0.041,,,0.102,0.062,,0.048,0.048,0.171,,,0.048,0.128,,,,0.087,0.044,,0.044
180240420829946,,0.097,0.019,0.048,0.039,,,0.115,0.058,,0.065,0.046,0.185,,,0.051,0.124,,,,0.08,0.027,,0.048
949401325635606,,0.106,0.045,0.03,0.043,,,0.104,0.064,,0.047,0.052,0.161,,,0.05,0.129,,,,0.07,0.045,,0.054
1210827569345735,,0.084,0.039,0.022,0.033,,,0.093,0.054,,0.045,0.043,0.262,,,0.043,0.144,,,,0.051,0.042,,0.045
256674939268387,,0.039,0.052,0.052,0.039,,,0.052,0.052,,0.052,0.052,0.286,,,0.065,0.104,,,,0.065,0.065,,0.026
517349019569639,,0.105,0.039,0.036,0.029,,,0.091,0.054,,0.052,0.057,0.204,,,0.048,0.105,,,,0.086,0.042,,0.052
338859007788184,,0.136,0.06,0.018,0.043,,,0.077,0.044,,0.045,0.054,0.19,,,0.059,0.103,,,,0.072,0.043,,0.055
520347732553305,,0.111,0.063,0.014,0.035,,,0.072,0.047,,0.052,0.064,0.201,,,0.065,0.118,,,,0.054,0.051,,0.053
973502240070918,,0.077,0.05,0.008,0.036,,,0.077,0.068,,0.033,0.038,0.289,,,0.051,0.131,,,,0.044,0.046,,0.051
4591404420869643,,0.081,0.041,0.011,0.034,,,0.085,0.054,,0.041,0.043,0.28,,,0.051,0.153,,,,0.032,0.044,,0.05
520962522317645,,0.106,0.044,0.023,0.04,,,0.114,0.062,,0.045,0.052,0.178,,,0.055,0.12,,,,0.071,0.04,,0.05
542486830221148,,0.119,0.054,0.037,0.046,,,0.11,0.053,,0.048,0.056,0.104,,,0.054,0.113,,,,0.119,0.038,,0.05
1009317679869120,,0.12,0.053,0.032,0.038,,,0.108,0.06,,0.053,0.061,0.099,,,0.062,0.113,,,,0.098,0.048,,0.055
1198014117277266,,0.108,0.046,0.027,0.036,,,0.107,0.062,,0.044,0.049,0.175,,,0.053,0.12,,,,0.073,0.045,,0.055
526786945312106,,0.082,0.039,0.011,0.015,,,0.075,0.046,,0.041,0.038,0.18,,,0.036,0.296,,,,0.039,0.036,,0.065
612904743017672,,0.061,0.034,0.007,0.019,,,0.086,0.047,,0.033,0.023,0.245,,,0.034,0.301,,,,0.024,0.032,,0.054
781734399164034,,0.1,0.046,0.015,0.025,,,0.091,0.044,,0.047,0.033,0.157,,,0.031,0.249,,,,0.056,0.032,,0.073
347624730159465,,0.058,0.036,0.009,0.018,,,0.074,0.064,,0.039,0.026,0.211,,,0.029,0.319,,,,0.03,0.037,,0.051
864557237791176,,0.108,0.053,0.034,0.042,,,0.111,0.059,,0.052,0.056,0.102,,,0.056,0.121,,,,0.101,0.048,,0.057
354922429530897,,0.117,0.054,0.038,0.046,,,0.113,0.052,,0.049,0.054,0.109,,,0.055,0.106,,,,0.117,0.041,,0.049
1007027446706781,,0.095,0.043,0.025,0.036,,,0.099,0.061,,0.043,0.042,0.216,,,0.048,0.132,,,,0.062,0.044,,0.053
496832048047747,,0.099,0.042,0.021,0.041,,,0.105,0.064,,0.041,0.047,0.222,,,0.051,0.122,,,,0.065,0.034,,0.047
682245156504744,,0.089,0.044,0.021,0.039,,,0.124,0.075,,0.048,0.046,0.133,,,0.054,0.134,,,,0.081,0.057,,0.057
794009651281886,,0.112,0.051,0.038,0.047,,,0.12,0.052,,0.049,0.052,0.099,,,0.057,0.114,,,,0.116,0.044,,0.048
339994207578696,,0.109,0.051,0.038,0.049,,,0.115,0.053,,0.05,0.054,0.102,,,0.057,0.114,,,,0.119,0.043,,0.047
510226163398311,,0.089,0.052,0.025,0.042,,,0.119,0.073,,0.049,0.047,0.133,,,0.059,0.126,,,,0.078,0.05,,0.058
513990676324133,,0.091,0.053,0.021,0.034,,,0.113,0.067,,0.056,0.04,0.13,,,0.053,0.144,,,,0.071,0.058,,0.067
550866159275795,,0.097,0.051,0.022,0.035,,,0.119,0.073,,0.053,0.041,0.135,,,0.056,0.138,,,,0.069,0.051,,0.059
781504595857089,,0.096,0.054,0.018,0.032,,,0.113,0.076,,0.053,0.043,0.125,,,0.052,0.15,,,,0.069,0.054,,0.066
853917598564364,,0.09,0.056,0.023,0.039,,,0.117,0.073,,0.048,0.047,0.133,,,0.058,0.13,,,,0.081,0.052,,0.054
168070858721941,,0.106,0.05,0.035,0.041,,,0.107,0.062,,0.055,0.06,0.09,,,0.06,0.121,,,,0.105,0.05,,0.057
344179070538079,,0.103,0.055,0.037,0.042,,,0.102,0.061,,0.056,0.054,0.083,,,0.061,0.123,,,,0.115,0.049,,0.059
916106689247133,,0.105,0.055,0.032,0.042,,,0.105,0.058,,0.059,0.06,0.085,,,0.063,0.124,,,,0.102,0.052,,0.058
364263675323735,,0.066,0.048,0.02,0.038,,,0.116,0.098,,0.055,0.033,0.093,,,0.035,0.221,,,,0.045,0.056,,0.076
793685914637714,,0.088,0.06,0.016,0.022,,,0.09,0.07,,0.052,0.043,0.058,,,0.043,0.247,,,,0.052,0.077,,0.082
338923731112661,,0.083,0.054,0.024,0.033,,,0.092,0.063,,0.048,0.036,0.054,,,0.037,0.274,,,,0.071,0.056,,0.075
1519695048399549,,0.075,0.05,0.013,0.03,,,0.105,0.077,,0.049,0.038,0.103,,,0.04,0.232,,,,0.034,0.073,,0.08
270331601520959,,0.12,0.054,0.042,0.05,,,0.113,0.052,,0.05,0.058,0.099,,,0.053,0.1,,,,0.124,0.042,,0.044
2891590871105324,,0.111,0.054,0.034,0.046,,,0.105,0.058,,0.056,0.062,0.096,,,0.063,0.112,,,,0.108,0.047,,0.048
250743983266027,,0.097,0.044,0.024,0.041,,,0.097,0.065,,0.048,0.049,0.198,,,0.049,0.129,,,,0.062,0.048,,0.051
269099004978531,,0.091,0.041,0.023,0.048,,,0.102,0.07,,0.046,0.043,0.21,,,0.053,0.124,,,,0.065,0.037,,0.046
290811906137459,,0.098,0.049,0.026,0.041,,,0.12,0.072,,0.047,0.046,0.101,,,0.043,0.175,,,,0.075,0.043,,0.064
574521893538517,,0.095,0.055,0.02,0.028,,,0.103,0.068,,0.046,0.05,0.118,,,0.044,0.201,,,,0.056,0.047,,0.069
1468818580119374,,0.087,0.043,0.023,0.047,,,0.105,0.08,,0.049,0.036,0.189,,,0.044,0.152,,,,0.039,0.043,,0.061
1884033885108290,,0.074,0.046,0.012,0.035,,,0.105,0.061,,0.04,0.036,0.226,,,0.046,0.179,,,,0.039,0.04,,0.06
203244678480795,,0.091,0.039,0.025,0.054,,,0.107,0.069,,0.05,0.045,0.193,,,0.052,0.119,,,,0.071,0.039,,0.047
998049377619813,,0.114,0.052,0.039,0.051,,,0.115,0.056,,0.051,0.056,0.097,,,0.054,0.103,,,,0.126,0.042,,0.044
2626646964296010,,0.092,0.042,0.022,0.039,,,0.098,0.064,,0.048,0.048,0.207,,,0.048,0.133,,,,0.064,0.046,,0.048
910540006484598,,0.109,0.056,0.035,0.046,,,0.114,0.06,,0.053,0.059,0.087,,,0.058,0.108,,,,0.114,0.047,,0.053
340949614362373,,0.088,0.047,0.019,0.037,,,0.111,0.065,,0.042,0.05,0.195,,,0.052,0.145,,,,0.048,0.049,,0.054
4375857072491995,,0.111,0.063,0.027,0.039,,,0.111,0.056,,0.057,0.062,0.119,,,0.059,0.122,,,,0.072,0.052,,0.05
792466204775988,,0.094,0.046,0.022,0.044,,,0.099,0.068,,0.041,0.046,0.22,,,0.055,0.127,,,,0.054,0.036,,0.046
153655580196219,,0.118,0.056,0.034,0.044,,,0.115,0.056,,0.048,0.058,0.112,,,0.056,0.113,,,,0.099,0.042,,0.047
412839836705579,,0.094,0.044,0.022,0.037,,,0.098,0.062,,0.046,0.046,0.208,,,0.049,0.139,,,,0.06,0.046,,0.049
2949243935328475,,0.116,0.053,0.037,0.046,,,0.115,0.055,,0.049,0.055,0.109,,,0.054,0.106,,,,0.117,0.042,,0.047
230310752429668,,0.095,0.041,0.023,0.046,,,0.106,0.066,,0.044,0.046,0.203,,,0.053,0.123,,,,0.069,0.04,,0.046
1282458702213478,,0.112,0.054,0.032,0.045,,,0.106,0.059,,0.053,0.055,0.104,,,0.06,0.117,,,,0.104,0.046,,0.054
142135451295813,,0.095,0.044,0.023,0.048,,,0.108,0.062,,0.055,0.044,0.216,,,0.05,0.117,,,,0.054,0.038,,0.046
676003983800405,,0.09,0.051,0.013,0.04,,,0.099,0.048,,0.043,0.053,0.235,,,0.058,0.123,,,,0.047,0.042,,0.057
168198755261468,,0.092,0.047,0.02,0.032,,,0.108,0.048,,0.047,0.065,0.168,,,0.059,0.151,,,,0.06,0.045,,0.057
1081402355600158,,0.111,0.043,0.027,0.045,,,0.111,0.053,,0.051,0.055,0.163,,,0.055,0.119,,,,0.088,0.034,,0.047
143609391213183,,0.109,0.056,0.037,0.044,,,0.109,0.058,,0.053,0.061,0.091,,,0.064,0.112,,,,0.108,0.048,,0.051
147332024147920,,0.104,0.053,0.026,0.041,,,0.113,0.061,,0.051,0.049,0.139,,,0.059,0.124,,,,0.075,0.046,,0.059
339825651122747,,0.11,0.053,0.039,0.047,,,0.115,0.054,,0.051,0.056,0.105,,,0.057,0.106,,,,0.121,0.041,,0.046
512071369904848,,0.101,0.051,0.03,0.046,,,0.126,0.065,,0.046,0.05,0.124,,,0.061,0.121,,,0,0.085,0.044,,0.051
530560097995111,,0.114,0.058,0.029,0.041,,,0.107,0.061,,0.054,0.057,0.104,,,0.064,0.118,,,,0.09,0.046,,0.054
889937078261648,,0.109,0.055,0.025,0.041,,,0.116,0.056,,0.05,0.048,0.138,,,0.062,0.124,,,,0.073,0.048,,0.056
332600348513339,,0.099,0.053,0.024,0.039,,,0.117,0.067,,0.05,0.048,0.137,,,0.062,0.125,,,,0.074,0.049,,0.057
207299147996904,,0.116,0.055,0.034,0.041,,,0.11,0.063,,0.053,0.061,0.089,,,0.068,0.111,,,,0.097,0.047,,0.055
1035551816986329,,0.11,0.058,0.032,0.047,,,0.128,0.07,,0.048,0.052,0.096,,,0.063,0.107,,,,0.084,0.047,,0.059
1150255782127737,,0.116,0.05,0.037,0.046,,,0.115,0.057,,0.048,0.053,0.108,,,0.06,0.109,,,,0.119,0.033,,0.05
2863346617327877,,0.107,0.055,0.029,0.045,,,0.114,0.054,,0.049,0.051,0.12,,,0.057,0.122,,,,0.088,0.052,,0.056
224640446198581,,0.122,0.047,0.034,0.05,,,0.118,0.051,,0.045,0.056,0.106,,,0.05,0.102,,,,0.136,0.034,,0.05
520555085861044,,0.108,0.053,0.029,0.045,,,0.125,0.069,,0.05,0.053,0.106,,,0.064,0.111,,,0,0.083,0.048,,0.058
651791292447444,,0.107,0.061,0.034,0.042,,,0.118,0.064,,0.055,0.057,0.078,,,0.063,0.112,,,,0.11,0.045,,0.053
2037273726419974,,0.116,0.058,0.027,0.039,,,0.125,0.059,,0.055,0.05,0.107,,,0.061,0.114,,,,0.082,0.05,,0.058
1234733726996872,,0.087,0.052,0.017,0.037,,,0.106,0.069,,0.056,0.045,0.17,,,0.052,0.152,,,,0.051,0.052,,0.055
143323131212782,,0.106,0.057,0.023,0.042,,,0.094,0.065,,0.056,0.06,0.119,,,0.068,0.13,,,,0.072,0.057,,0.05
552362772798803,,0.114,0.054,0.031,0.047,,,0.102,0.062,,0.055,0.053,0.11,,,0.056,0.13,,,,0.089,0.045,,0.051
969242727256075,,0.086,0.05,0.017,0.05,,,0.098,0.074,,0.049,0.044,0.169,,,0.054,0.156,,,,0.056,0.047,,0.049
996647747827029,,0.1,0.046,0.02,0.039,,,0.101,0.069,,0.055,0.045,0.162,,,0.051,0.141,,,,0.063,0.051,,0.056
269009305027740,,0.109,0.057,0.034,0.044,,,0.106,0.059,,0.059,0.057,0.084,,,0.062,0.116,,,,0.109,0.05,,0.052
403661131070432,,0.09,0.046,0.024,0.051,,,0.11,0.076,,0.049,0.043,0.148,,,0.056,0.133,,,,0.078,0.044,,0.05
850038349282244,,0.115,0.053,0.039,0.049,,,0.102,0.055,,0.053,0.057,0.096,,,0.056,0.107,,,,0.13,0.041,,0.045
808210119882278,,0.108,0.045,0.027,0.041,,,0.108,0.055,,0.041,0.063,0.164,,,0.05,0.108,,,,0.105,0.04,,0.046
847817382524391,,0.099,0.065,0.025,0.048,,,0.104,0.058,,0.05,0.064,0.163,,,0.054,0.108,,,,0.052,0.053,,0.057
4270831539643254,,0.1,0.059,0.024,0.036,,,0.091,0.054,,0.052,0.067,0.163,,,0.064,0.113,,,,0.073,0.053,,0.05
203979278201919,,0.106,0.044,0.022,0.039,,,0.118,0.069,,0.054,0.055,0.151,,,0.058,0.116,,,,0.063,0.055,,0.049
349251223314855,,0.119,0.053,0.039,0.051,,,0.103,0.051,,0.052,0.058,0.102,,,0.056,0.1,,,,0.128,0.043,,0.045
1162698597565014,,0.115,0.056,0.037,0.047,,,0.099,0.058,,0.058,0.06,0.087,,,0.061,0.108,,,,0.117,0.049,,0.048
524412278806268,,0.1,0.05,0.027,0.046,,,0.117,0.076,,0.048,0.047,0.121,,,0.059,0.124,,,,0.082,0.046,,0.056
539962240769887,,0.101,0.052,0.024,0.04,,,0.108,0.064,,0.054,0.048,0.148,,,0.055,0.125,,,,0.075,0.051,,0.054
256591845844413,,0.108,0.055,0.03,0.044,,,0.127,0.073,,0.049,0.052,0.099,,,0.066,0.112,,,,0.08,0.051,,0.056
222207739904833,,0.113,0.056,0.028,0.04,,,0.125,0.062,,0.051,0.052,0.113,,,0.063,0.109,,,,0.08,0.051,,0.057
525808725206693,,0.103,0.044,0.046,0.052,,,0.103,0.059,,0.047,0.049,0.111,,,0.06,0.127,,,,0.106,0.041,,0.052
789647321723330,,0.112,0.054,0.031,0.051,,,0.115,0.055,,0.051,0.054,0.101,,,0.057,0.113,,,,0.117,0.038,,0.052
572658367234353,,0.11,0.054,0.033,0.037,,,0.114,0.064,,0.056,0.052,0.091,,,0.065,0.123,,,,0.097,0.049,,0.056
1776247732555890,,0.114,0.058,0.027,0.033,,,0.109,0.061,,0.052,0.045,0.138,,,0.059,0.121,,,,0.076,0.049,,0.056
222798889715927,,0.106,0.058,0.04,0.049,,,0.124,0.051,,0.048,0.052,0.091,,,0.067,0.108,,,,0.12,0.039,,0.048
838118367095410,,0.103,0.051,0.027,0.043,,,0.121,0.066,,0.053,0.05,0.116,,,0.063,0.123,,,,0.078,0.05,,0.056
1024677198358710,,0.098,0.049,0.035,0.039,,,0.123,0.066,,0.057,0.055,0.079,,,0.062,0.128,,,,0.102,0.047,,0.06
233941401753816,,0.115,0.059,0.031,0.04,,,0.112,0.052,,0.047,0.048,0.141,,,0.061,0.112,,,,0.082,0.046,,0.053
363602675161611,,0.113,0.053,0.029,0.046,,,0.124,0.066,,0.047,0.052,0.118,,,0.061,0.113,,,,0.082,0.039,,0.056
512060483348599,,0.113,0.055,0.035,0.041,,,0.118,0.064,,0.051,0.057,0.08,,,0.062,0.118,,,,0.098,0.048,,0.059
141388334737727,,0.094,0.047,0.019,0.044,,,0.115,0.065,,0.045,0.049,0.178,,,0.055,0.124,,,,0.062,0.052,,0.053
528361618598042,,0.097,0.038,0.028,0.04,,,0.11,0.064,,0.048,0.046,0.144,,,0.047,0.15,,,,0.088,0.04,,0.06
200059538791904,,0.092,0.057,0.025,0.033,,,0.114,0.062,,0.048,0.054,0.131,,,0.057,0.145,,,,0.084,0.046,,0.052
954790418703704,,0.098,0.048,0.019,0.042,,,0.104,0.056,,0.043,0.054,0.186,,,0.061,0.135,,,,0.056,0.046,,0.051
4401452596552636,,0.105,0.05,0.034,0.047,,,0.114,0.057,,0.047,0.054,0.107,,,0.06,0.124,,,,0.108,0.04,,0.052
196788109124429,,0.107,0.055,0.025,0.039,,,0.118,0.062,,0.049,0.051,0.137,,,0.059,0.117,,,,0.077,0.046,,0.057
1209869526126301,,0.107,0.054,0.031,0.04,,,0.111,0.067,,0.053,0.06,0.09,,,0.063,0.122,,,,0.096,0.048,,0.058
2817141965205153,,0.102,0.056,0.027,0.043,,,0.119,0.077,,0.051,0.049,0.111,,,0.064,0.116,,,,0.079,0.048,,0.059
402972227790816,,0.101,0.049,0.017,0.03,,,0.083,0.039,,0.048,0.059,0.26,,,0.053,0.128,,,,0.061,0.034,,0.038
517817422812678,,0.082,0.05,0.028,0.038,,,0.106,0.061,,0.051,0.05,0.185,,,0.061,0.119,,,,0.064,0.05,,0.056
844975849761808,,0.12,0.042,0.026,0.04,,,0.08,0.038,,0.053,0.052,0.238,,,0.044,0.11,,,,0.084,0.037,,0.037
4124213874335121,,0.088,0.051,0.016,0.038,,,0.087,0.038,,0.041,0.047,0.268,,,0.054,0.127,,,,0.052,0.051,,0.042
526345922121651,,0.101,0.05,0.024,0.042,,,0.116,0.069,,0.048,0.052,0.149,,,0.059,0.113,,,,0.076,0.044,,0.058
216423937034003,,0.106,0.052,0.034,0.044,,,0.108,0.063,,0.053,0.057,0.093,,,0.06,0.119,,,,0.111,0.046,,0.055
874263643444809,,0.115,0.051,0.039,0.05,,,0.108,0.053,,0.048,0.056,0.105,,,0.056,0.104,,,,0.132,0.038,,0.044
3663128880455994,,0.107,0.052,0.026,0.04,,,0.111,0.06,,0.05,0.05,0.142,,,0.059,0.12,,,,0.077,0.047,,0.058
604319103873040,,0.135,0.062,0.032,0.053,,,0.089,0.056,,0.055,0.059,0.108,,,0.061,0.108,,,,0.087,0.046,,0.048
252134763032381,,0.092,0.051,0.018,0.038,,,0.103,0.073,,0.055,0.052,0.169,,,0.06,0.131,,,,0.047,0.055,,0.054
172229428227145,,0.091,0.048,0.022,0.056,,,0.094,0.076,,0.049,0.049,0.182,,,0.056,0.134,,,,0.055,0.046,,0.045
310214607471205,,0.119,0.07,0.022,0.041,,,0.086,0.058,,0.065,0.063,0.119,,,0.066,0.111,,,,0.067,0.062,,0.052
180725650626988,,0.095,0.049,0.026,0.045,,,0.12,0.077,,0.046,0.049,0.124,,,0.058,0.127,,,,0.081,0.047,,0.055
916468248901210,,0.111,0.056,0.036,0.043,,,0.108,0.063,,0.057,0.058,0.078,,,0.062,0.115,,,,0.11,0.051,,0.052
381048876773196,,0.1,0.051,0.022,0.038,,,0.113,0.071,,0.052,0.044,0.139,,,0.053,0.131,,,,0.07,0.053,,0.061
516964016175523,,0.119,0.053,0.034,0.048,,,0.111,0.057,,0.049,0.055,0.098,,,0.055,0.114,,,,0.119,0.04,,0.048
289334092943007,,0.107,0.063,0.024,0.053,,,0.085,0.058,,0.056,0.063,0.163,,,0.068,0.1,,,,0.072,0.042,,0.047
1042123259657927,,0.101,0.053,0.028,0.046,,,0.104,0.056,,0.049,0.062,0.155,,,0.056,0.115,,,0,0.087,0.037,,0.05
583835905956258,,0.101,0.064,0.024,0.042,,,0.103,0.06,,0.059,0.057,0.13,,,0.055,0.124,,,,0.074,0.057,,0.049
401899807911296,,0.11,0.053,0.037,0.048,,,0.113,0.054,,0.055,0.058,0.109,,,0.051,0.117,,,,0.102,0.042,,0.052
842325996689776,,0.083,0.048,0.022,0.043,,,0.103,0.068,,0.049,0.049,0.195,,,0.053,0.132,,,,0.058,0.047,,0.049
935052307058142,,0.077,0.053,0.019,0.04,,,0.099,0.061,,0.05,0.048,0.192,,,0.057,0.147,,,,0.055,0.045,,0.058
1204157780047907,,0.094,0.051,0.022,0.036,,,0.11,0.071,,0.051,0.044,0.155,,,0.052,0.133,,,,0.072,0.048,,0.061
169821248472673,,0.111,0.054,0.036,0.044,,,0.104,0.061,,0.054,0.056,0.086,,,0.059,0.119,,,,0.117,0.045,,0.054
519149009361774,,0.095,0.051,0.026,0.045,,,0.117,0.073,,0.048,0.047,0.14,,,0.057,0.128,,,,0.076,0.045,,0.053
1670581189806418,,0.118,0.053,0.039,0.047,,,0.108,0.052,,0.049,0.056,0.099,,,0.053,0.108,,,,0.131,0.041,,0.045
1415966205436760,,0.111,0.05,0.025,0.053,,,0.098,0.054,,0.04,0.054,0.179,,,0.061,0.118,,,,0.069,0.031,,0.057
1468342130192332,,0.091,0.051,0.03,0.037,,,0.115,0.054,,0.057,0.063,0.148,,,0.058,0.122,,,,0.075,0.048,,0.052
2287692124699850,,0.117,0.047,0.027,0.044,,,0.108,0.057,,0.048,0.058,0.148,,,0.051,0.112,,,,0.095,0.047,,0.042
286207863294383,,0.11,0.058,0.025,0.04,,,0.098,0.061,,0.048,0.056,0.154,,,0.056,0.122,,,,0.074,0.044,,0.052
209602817835057,,0.107,0.055,0.027,0.044,,,0.112,0.066,,0.052,0.054,0.121,,,0.066,0.113,,,,0.075,0.05,,0.057
3001691196729320,,0.11,0.056,0.027,0.043,,,0.11,0.06,,0.054,0.052,0.131,,,0.067,0.105,,,,0.076,0.051,,0.057
3659563237476713,,0.114,0.05,0.033,0.044,,,0.113,0.058,,0.046,0.05,0.113,,,0.057,0.121,,,,0.103,0.042,,0.056
194113829341987,,0.113,0.057,0.03,0.04,,,0.104,0.06,,0.053,0.06,0.098,,,0.067,0.118,,,,0.094,0.049,,0.058
527403091905813,,0.096,0.058,0.02,0.051,,,0.107,0.076,,0.057,0.045,0.149,,,0.061,0.122,,,,0.052,0.058,,0.048
806370780026256,,0.145,0.068,0.027,0.052,,,0.078,0.047,,0.067,0.062,0.106,,,0.057,0.106,,,,0.085,0.053,,0.045
151334380402710,,0.09,0.052,0.014,0.039,,,0.102,0.063,,0.057,0.049,0.163,,,0.059,0.146,,,,0.041,0.07,,0.056
820888682147150,,0.119,0.068,0.02,0.04,,,0.082,0.054,,0.065,0.067,0.115,,,0.065,0.125,,,,0.063,0.068,,0.049
351246313066194,,0.13,0.056,0.038,0.049,,,0.108,0.051,,0.052,0.057,0.101,,,0.056,0.097,,,,0.123,0.039,,0.043
790303295001314,,0.102,0.051,0.022,0.04,,,0.11,0.071,,0.056,0.046,0.14,,,0.052,0.129,,,,0.072,0.052,,0.056
553611969009665,,0.115,0.058,0.034,0.044,,,0.104,0.058,,0.057,0.059,0.087,,,0.061,0.11,,,,0.112,0.051,,0.051
340590237531930,,0.084,0.047,0.023,0.047,,,0.118,0.076,,0.047,0.045,0.148,,,0.053,0.133,,,,0.079,0.046,,0.053
350558343124178,,0.085,0.042,0.014,0.033,,,0.09,0.052,,0.043,0.042,0.288,,,0.043,0.146,,,,0.039,0.036,,0.047
500398907893516,,0.113,0.045,0.029,0.042,,,0.104,0.051,,0.042,0.047,0.183,,,0.041,0.115,,,,0.101,0.041,,0.044
987216565423956,,0.084,0.058,0.017,0.03,,,0.084,0.045,,0.042,0.052,0.232,,,0.053,0.154,,,,0.066,0.037,,0.045
992230038180011,,0.073,0.035,0.025,0.032,,,0.111,0.067,,0.046,0.048,0.235,,,0.053,0.125,,,,0.052,0.056,,0.042
205074068211100,,0.103,0.054,0.036,0.042,,,0.108,0.06,,0.055,0.057,0.09,,,0.063,0.122,,,,0.107,0.05,,0.054
245353547132132,,0.109,0.052,0.036,0.044,,,0.11,0.054,,0.049,0.052,0.114,,,0.057,0.115,,,,0.114,0.042,,0.05
328557642081455,,0.095,0.051,0.023,0.036,,,0.108,0.065,,0.05,0.046,0.159,,,0.053,0.132,,,,0.074,0.049,,0.059
1201999983573458,,0.1,0.052,0.03,0.043,,,0.131,0.073,,0.049,0.05,0.104,,,0.063,0.116,,,,0.086,0.047,,0.056
141327294688620,,0.097,0.049,0.021,0.037,,,0.102,0.066,,0.052,0.047,0.169,,,0.053,0.132,,,,0.065,0.053,,0.056
334336674935833,,0.095,0.051,0.025,0.044,,,0.12,0.072,,0.045,0.048,0.138,,,0.059,0.122,,,,0.076,0.048,,0.054
345690260506706,,0.121,0.054,0.036,0.046,,,0.108,0.051,,0.053,0.057,0.108,,,0.056,0.107,,,,0.112,0.042,,0.049
533340681344567,,0.111,0.055,0.033,0.041,,,0.102,0.057,,0.057,0.063,0.1,,,0.06,0.112,,,,0.103,0.052,,0.053
847047152879844,,0.099,0.051,0.02,0.043,,,0.101,0.053,,0.044,0.043,0.217,,,0.054,0.134,,,,0.05,0.041,,0.051
886928748838352,,0.118,0.049,0.029,0.048,,,0.109,0.056,,0.042,0.051,0.165,,,0.047,0.113,,,,0.098,0.032,,0.043
915686729012079,,0.095,0.048,0.028,0.036,,,0.111,0.065,,0.052,0.046,0.184,,,0.053,0.117,,,,0.066,0.046,,0.054
985983272242110,,0.111,0.055,0.026,0.036,,,0.099,0.056,,0.049,0.067,0.167,,,0.051,0.119,,,,0.085,0.037,,0.043
991955678240558,,0.09,0.059,0.023,0.042,,,0.114,0.063,,0.054,0.062,0.106,,,0.054,0.134,,,,0.087,0.062,,0.05
427508745657980,,0.071,0.046,0.021,0.039,,,0.118,0.068,,0.05,0.05,0.158,,,0.056,0.149,,,,0.05,0.058,,0.067
1031903084246388,,0.083,0.047,0.023,0.047,,,0.111,0.071,,0.053,0.049,0.17,,,0.052,0.138,,,,0.057,0.049,,0.049
4099830210054553,,0.101,0.055,0.034,0.043,,,0.126,0.061,,0.056,0.057,0.073,,,0.05,0.15,,,,0.089,0.049,,0.059
143730404525299,,0.098,0.049,0.023,0.035,,,0.107,0.066,,0.05,0.045,0.162,,,0.052,0.134,,,,0.068,0.051,,0.058
537468647445117,,0.097,0.05,0.028,0.044,,,0.122,0.07,,0.045,0.047,0.131,,,0.061,0.125,,,,0.081,0.044,,0.056
303564464838871,,0.115,0.054,0.037,0.045,,,0.109,0.054,,0.05,0.056,0.1,,,0.059,0.114,,,,0.118,0.041,,0.048
1115794702263340,,0.113,0.057,0.034,0.043,,,0.106,0.061,,0.056,0.054,0.089,,,0.061,0.122,,,,0.103,0.045,,0.057
567505564434045,,0.112,0.053,0.032,0.044,,,0.104,0.058,,0.05,0.059,0.128,,,0.061,0.107,,,,0.091,0.047,,0.053
568866144140328,,0.087,0.048,0.017,0.036,,,0.101,0.059,,0.047,0.041,0.218,,,0.052,0.147,,,,0.046,0.048,,0.052
244304973886740,,0.124,0.052,0.029,0.041,,,0.097,0.051,,0.048,0.052,0.155,,,0.056,0.115,,,,0.088,0.044,,0.048
331083215178568,,0.09,0.043,0.018,0.043,,,0.088,0.062,,0.046,0.042,0.226,,,0.054,0.15,,,,0.053,0.041,,0.044
934752104038849,,0.111,0.06,0.021,0.037,,,0.09,0.052,,0.059,0.058,0.156,,,0.059,0.118,,,,0.069,0.057,,0.052
1042388749841726,,0.121,0.051,0.034,0.044,,,0.111,0.055,,0.048,0.053,0.105,,,0.054,0.12,,,,0.111,0.041,,0.053
545907683522231,,0.108,0.056,0.03,0.042,,,0.106,0.063,,0.052,0.056,0.095,,,0.06,0.123,,,,0.097,0.05,,0.06
365549315035754,,0.101,0.053,0.024,0.041,,,0.116,0.071,,0.048,0.047,0.135,,,0.062,0.128,,,,0.069,0.047,,0.057
402017201190090,,0.104,0.052,0.025,0.039,,,0.111,0.061,,0.051,0.045,0.144,,,0.057,0.127,,,,0.068,0.053,,0.062
167202038676663,,0.085,0.044,0.031,0.049,,,0.109,0.066,,0.048,0.044,0.185,,,0.059,0.126,,,,0.073,0.04,,0.039
175814994592055,,0.092,0.048,0.022,0.048,,,0.104,0.062,,0.05,0.053,0.2,,,0.054,0.115,,,,0.066,0.041,,0.045
1005098123365243,,0.112,0.062,0.033,0.046,,,0.103,0.053,,0.055,0.067,0.134,,,0.056,0.104,,,,0.094,0.04,,0.042
156722883191800,,0.104,0.048,0.039,0.045,,,0.123,0.054,,0.042,0.063,0.112,,,0.052,0.117,,,,0.113,0.042,,0.046
250987836417287,,0.115,0.053,0.035,0.045,,,0.11,0.053,,0.049,0.056,0.109,,,0.055,0.118,,,,0.112,0.041,,0.049
304936141366727,,0.108,0.055,0.033,0.042,,,0.109,0.061,,0.056,0.056,0.095,,,0.059,0.119,,,,0.101,0.05,,0.058
343384380661094,,0.096,0.047,0.021,0.034,,,0.106,0.07,,0.051,0.043,0.164,,,0.049,0.145,,,,0.063,0.052,,0.059
579564413031016,,0.085,0.046,0.022,0.042,,,0.112,0.074,,0.046,0.043,0.171,,,0.053,0.139,,,,0.069,0.044,,0.053
776063269746700,,0.122,0.059,0.025,0.039,,,0.116,0.052,,0.039,0.061,0.134,,,0.058,0.109,,,,0.067,0.051,,0.067
1232006557222091,,0.107,0.048,0.033,0.039,,,0.102,0.063,,0.053,0.053,0.164,,,0.046,0.118,,,,0.088,0.035,,0.051
345206870518061,,0.122,0.055,0.028,0.036,,,0.124,0.057,,0.051,0.057,0.128,,,0.048,0.113,,,,0.072,0.041,,0.068
354201779383366,,0.1,0.063,0.026,0.032,,,0.126,0.072,,0.048,0.059,0.122,,,0.055,0.11,,,,0.058,0.061,,0.07
367811084767755,,0.108,0.051,0.035,0.042,,,0.106,0.059,,0.056,0.059,0.099,,,0.061,0.118,,,,0.106,0.047,,0.053
201140811814518,,0.092,0.05,0.027,0.045,,,0.129,0.068,,0.044,0.048,0.137,,,0.063,0.121,,,,0.079,0.046,,0.051
4118775034909192,,0.115,0.051,0.038,0.048,,,0.116,0.052,,0.052,0.055,0.105,,,0.057,0.113,,,,0.107,0.044,,0.046
4180478388704374,,0.103,0.051,0.025,0.039,,,0.114,0.063,,0.053,0.049,0.145,,,0.057,0.12,,,,0.074,0.05,,0.057
497641054644672,,0.136,0.057,0.027,0.042,,,0.078,0.049,,0.046,0.053,0.173,,,0.054,0.111,,,,0.076,0.047,,0.052
504894340568961,,0.089,0.046,0.013,0.034,,,0.088,0.061,,0.044,0.041,0.238,,,0.053,0.15,,,,0.039,0.05,,0.052
530866988115102,,0.086,0.05,0.012,0.038,,,0.084,0.065,,0.046,0.044,0.249,,,0.053,0.137,,,,0.044,0.045,,0.046
968236810677165,,0.116,0.06,0.019,0.039,,,0.082,0.052,,0.051,0.056,0.167,,,0.06,0.131,,,,0.059,0.055,,0.052
226990989248237,,0.111,0.053,0.034,0.043,,,0.106,0.056,,0.048,0.051,0.106,,,0.057,0.124,,,,0.114,0.041,,0.054
548058679707696,,0.098,0.049,0.022,0.036,,,0.103,0.069,,0.048,0.042,0.161,,,0.054,0.142,,,,0.065,0.05,,0.062
